#lon lat depth mrr mtt mpp mrt mrp mtp iexp name	Graficar con gmt psmeca -Sd
-70.98 -20.60 20 3.57 0.20 -3.77 0.34 -3.29 0.52 24 X Y 201401040011A  
-71.03 -20.75 27 4.55 0.36 -4.91 0.71 -5.05 0.54 23 X Y 201401060359A  
-69.89 -21.07 103 -0.70 -0.12 0.83 -0.17 -1.11 0.21 24 X Y 201401070343A  
-70.97 -20.72 23 2.66 0.26 -2.92 0.36 -2.89 0.33 24 X Y 201401080422A  
-47.84 -60.58 21 -3.13 1.11 2.02 0.56 1.46 1.97 23 X Y 201401112018A  
-68.25 -31.27 123 -3.61 2.38 1.23 -1.64 -0.45 7.95 23 X Y 201401150838A  
-26.72 -56.97 132 -0.45 1.07 -0.63 -1.35 -0.99 -0.96 25 X Y 201402010358A  
-69.58 -21.48 39 3.26 -3.49 0.23 0.12 -2.32 -0.04 23 X Y 201402051151A  
-45.35 -60.60 34 -0.86 1.50 -0.65 -4.95 1.65 -0.48 24 X Y 201402081950A  
-28.18 -55.53 20 -1.41 -1.22 2.63 0.65 0.81 2.19 23 X Y 201402090457A  
-68.81 -22.38 124 -0.31 -0.10 0.41 0.19 -0.65 0.56 24 X Y 201402101100A  
-68.71 -22.20 131 -0.56 -0.19 0.75 0.21 -0.17 -0.20 25 X Y 201402121143A  
-68.73 -22.53 114 -2.02 -0.24 2.26 -0.53 -1.95 -0.09 23 X Y 201402151252A  
-72.06 -31.65 30 3.97 -0.60 -3.37 0.99 -2.64 -0.69 23 X Y 201402170034A  
-47.50 -60.48 12 -0.06 0.81 -0.75 0.49 0.35 0.85 24 X Y 201402222239A  
-69.02 -23.98 107 -2.08 -0.01 2.09 1.24 -1.27 1.59 23 X Y 201402232340A  
-59.87 -59.36 19 -0.20 1.02 -0.82 0.02 0.48 0.31 24 X Y 201402251543A  
-59.63 -59.46 20 -0.15 1.07 -0.93 -0.04 0.62 0.51 24 X Y 201402270510A  
-76.95 -45.56 18 -1.00 0.22 0.78 0.95 -0.10 -0.32 24 X Y 201403021012A  
-76.89 -46.15 15 -5.80 0.04 5.76 -4.17 -0.84 -2.27 23 X Y 201403021114A  
-76.93 -45.78 21 -3.78 0.45 3.33 0.80 -1.55 -1.38 23 X Y 201403021618A  
-76.96 -45.81 12 -1.18 0.10 1.09 0.56 -0.50 -0.33 24 X Y 201403021703A  
-72.11 -33.21 22 0.70 -0.05 -0.64 0.07 -0.62 0.01 24 X Y 201403030317A  
-72.16 -33.63 23 4.08 0.12 -4.20 0.19 -4.40 -0.56 24 X Y 201403041051A  
-71.42 -33.31 85 0.45 -0.99 0.54 -0.21 0.66 1.20 24 X Y 201403060437A  
-25.83 -60.87 19 2.13 -0.63 -1.51 -0.04 0.76 -1.15 23 X Y 201403062347A  
-67.23 -24.32 190 -2.20 -0.55 2.75 1.56 -1.54 -1.07 23 X Y 201403080007A  
-71.86 -34.80 47 5.14 -0.16 -4.98 1.05 -5.28 -0.85 23 X Y 201403151446A  
-71.05 -20.01 18 2.51 0.10 -2.61 0.84 -3.78 0.52 25 X Y 201403170511A  
-70.91 -20.02 23 -3.14 -0.67 3.81 3.52 1.23 2.04 23 X Y 201403170832A  
-32.21 -53.26 25 0.05 0.69 -0.73 -0.08 -0.04 0.02 25 X Y 201403171324A  
-71.10 -20.13 22 5.05 0.04 -5.09 0.32 -2.68 0.86 23 X Y 201403181435A  
-71.02 -20.01 14 3.78 0.05 -3.83 -0.10 -5.87 -0.52 24 X Y 201403182126A  
-24.64 -60.96 12 -1.57 1.21 0.36 0.82 0.18 0.87 24 X Y 201403192017A  
-69.23 -23.94 119 -3.97 1.24 2.74 2.36 0.74 -5.05 23 X Y 201403201841A  
-71.11 -20.01 32 0.80 0.15 -0.95 0.37 -0.35 0.33 24 X Y 201403232023A  
-68.74 -29.31 28 0.87 0.19 -1.06 -1.80 0.66 3.69 24 X Y 201403272350A  
-70.87 -20.36 32 0.96 -0.03 -0.93 0.13 -0.67 0.05 24 X Y 201404021945A  
-70.88 -20.34 34 0.67 0.05 -0.71 0.16 -0.64 0.14 26 X Y 201404030158A  
-70.60 -20.43 29 2.20 0.05 -2.24 1.22 -4.20 0.38 27 X Y 201404030243A  
-70.90 -20.72 32 6.04 -0.77 -5.27 1.37 -4.03 0.21 25 X Y 201404030526A  
-70.91 -20.61 19 1.94 0.08 -2.02 0.78 -1.69 0.38 25 X Y 201404040137A  
-71.30 -20.03 19 0.67 0.03 -0.70 0.14 -0.60 0.19 24 X Y 201404040938A  
-70.54 -31.45 116 0.34 -0.78 0.44 -0.65 -0.33 1.54 24 X Y 201404040952A  
-70.74 -20.42 13 2.14 -2.09 -0.05 -0.86 0.70 0.67 23 X Y 201404041602A  
-70.84 -20.13 33 4.08 0.62 -4.70 0.66 -3.18 0.77 23 X Y 201404050033A  
-71.71 -32.74 42 2.32 0.26 -2.57 -0.50 -1.65 -0.34 24 X Y 201404050222A  
-71.07 -20.75 30 4.01 0.03 -4.04 1.83 -3.10 1.21 23 X Y 201404050405A  
-70.79 -20.13 29 0.77 0.05 -0.82 0.22 -0.54 0.16 24 X Y 201404050544A  
-71.05 -20.24 19 3.66 -1.23 -2.44 -0.92 -0.20 1.41 23 X Y 201404051404A  
-71.16 -20.40 15 -0.09 0.15 -0.06 0.44 -1.10 -0.08 24 X Y 201404061406A  
-71.05 -20.66 22 2.20 -0.18 -2.02 -0.05 -1.03 0.45 23 X Y 201404070624A  
-70.88 -20.13 17 2.19 -3.52 1.33 -4.28 1.17 -1.04 24 X Y 201404071343A  
-70.99 -20.43 21 3.02 -0.57 -2.44 0.36 -0.73 0.91 23 X Y 201404080543A  
-71.15 -20.62 12 1.54 0.07 -1.60 -0.95 -2.09 -0.39 24 X Y 201404081014A  
-71.11 -20.65 15 0.62 0.02 -0.64 0.12 -0.64 0.12 24 X Y 201404091114A  
-70.88 -20.64 15 0.90 0.37 -1.28 -0.51 -1.16 0.14 25 X Y 201404110001A  
-71.01 -20.58 22 1.13 -0.04 -1.09 0.41 -1.21 0.28 24 X Y 201404131211A  
-70.98 -20.73 19 0.70 0.04 -0.74 0.15 -0.77 0.11 24 X Y 201404140556A  
-70.99 -20.12 20 0.81 0.02 -0.84 0.05 -0.66 0.19 24 X Y 201404151609A  
-70.78 -20.20 13 5.32 -5.28 -0.04 -1.87 0.94 -0.36 23 X Y 201404151621A  
-71.14 -20.20 29 3.59 -0.40 -3.19 0.46 -2.08 1.09 23 X Y 201404151712A  
-71.09 -20.05 21 4.74 -0.14 -4.60 0.04 -2.77 0.97 23 X Y 201404151859A  
-70.84 -20.18 14 3.25 -3.47 0.22 0.64 1.29 0.66 23 X Y 201404160314A  
-28.18 -55.55 14 3.13 -0.75 -2.38 -2.21 7.89 0.81 23 X Y 201404172313A  
-62.56 -27.89 629 1.48 -0.53 -0.95 -0.70 2.47 -0.10 24 X Y 201404180746A  
-72.92 -34.67 22 -2.81 0.97 1.84 0.17 1.13 1.52 23 X Y 201404241007A  
-25.71 -60.03 36 0.66 0.14 -0.80 -0.28 0.28 -0.35 24 X Y 201404241246A  
-27.25 -56.17 98 2.16 -1.43 -0.73 -1.98 -0.28 2.92 23 X Y 201404301505A  
-71.93 -32.66 40 0.68 0.04 -0.71 -0.01 -0.44 0.01 24 X Y 201404301800A  
-71.18 -20.02 19 3.91 -0.20 -3.70 0.80 -3.40 1.00 23 X Y 201405040446A  
-70.99 -20.19 24 1.45 0.00 -1.46 0.11 -0.83 0.17 24 X Y 201405051121A  
-24.77 -56.97 12 1.34 0.28 -1.61 -0.29 1.09 0.51 24 X Y 201405131440A  
-66.63 -22.78 239 0.45 -0.12 -0.33 -0.03 -3.32 0.36 24 X Y 201405140338A  
-68.82 -23.51 131 -1.87 0.57 1.30 -0.35 -0.92 -1.13 24 X Y 201405161708A  
-27.12 -56.32 96 1.10 1.03 -2.13 -1.27 -0.22 0.13 24 X Y 201405172128A  
-24.35 -57.03 12 1.46 0.05 -1.51 -0.53 0.97 0.39 24 X Y 201405190356A  
-24.73 -57.04 14 3.39 0.05 -3.44 -0.74 2.13 1.11 24 X Y 201405192247A  
-25.45 -57.99 85 -3.34 2.42 0.92 -0.99 4.15 -2.37 23 X Y 201405210128A  
-71.56 -30.60 50 5.76 -0.04 -5.72 0.66 -2.63 1.10 23 X Y 201405210900A  
-28.12 -55.39 15 0.13 -1.46 1.33 -0.24 0.91 1.99 24 X Y 201405220838A  
-74.00 -36.02 15 0.46 -0.02 -0.44 -0.16 -0.91 -0.12 24 X Y 201405270904A  
-70.17 -21.31 73 3.39 0.57 -3.96 -2.05 -0.92 -5.40 23 X Y 201405301141A  
-70.15 -21.23 82 0.37 -0.44 0.07 -0.27 0.22 -3.26 24 X Y 201405301532A  
-72.42 -33.47 31 4.26 -0.24 -4.02 -0.41 -2.32 -0.16 23 X Y 201405302206A  
-70.97 -20.66 22 4.39 0.27 -4.66 0.72 -3.62 1.10 23 X Y 201406041704A  
-28.29 -55.48 14 0.43 -0.58 0.16 0.81 1.17 3.40 23 X Y 201406051104A  
-52.05 -61.30 20 -2.65 1.73 0.92 -0.61 -0.29 0.84 23 X Y 201406060438A  
-27.82 -60.60 13 -2.50 0.24 2.25 1.12 2.28 -0.87 23 X Y 201406080902A  
-68.85 -31.20 107 -0.89 1.07 -0.18 -0.22 0.98 1.81 23 X Y 201406082019A  
-69.23 -25.15 117 -0.87 -1.13 2.00 2.11 -1.00 2.09 23 X Y 201406142213A  
-24.34 -58.16 39 2.21 1.55 -3.76 0.58 1.25 0.86 23 X Y 201406191829A  
-28.31 -55.34 21 0.96 -0.94 -0.03 -0.99 1.72 1.01 26 X Y 201406290752A  
-28.08 -55.20 30 1.63 -0.88 -0.75 -0.17 0.27 0.31 24 X Y 201406291211A  
-27.95 -55.25 13 4.98 -2.39 -2.59 -3.32 3.71 4.54 24 X Y 201406291420A  
-28.03 -55.27 14 1.05 -0.74 -0.32 -0.52 0.40 0.64 25 X Y 201406291432A  
-28.34 -55.17 13 1.75 -1.10 -0.65 -1.60 1.78 2.36 23 X Y 201406301544A  
-28.34 -55.64 13 -3.30 0.07 3.22 -1.70 1.52 1.27 23 X Y 201407021002A  
-27.95 -55.32 15 1.88 -0.61 -1.27 -0.82 1.71 1.78 24 X Y 201407121749A  
-27.86 -55.34 14 1.90 -0.94 -0.96 -0.91 0.85 1.35 24 X Y 201407121820A  
-71.36 -32.92 62 1.59 0.34 -1.93 -0.47 0.72 -0.53 23 X Y 201407130316A  
-70.81 -30.98 106 0.12 0.04 -0.16 0.28 -1.33 0.20 24 X Y 201407130718A  
-69.44 -24.04 93 -2.07 -0.38 2.45 0.23 -1.38 0.09 23 X Y 201407130846A  
-70.62 -20.30 40 2.22 -0.49 -1.73 1.17 -1.08 1.04 24 X Y 201407132054A  
-71.14 -20.14 22 4.14 -0.29 -3.85 0.57 -2.26 0.80 23 X Y 201407180524A  
-70.95 -20.16 36 4.70 -0.10 -4.60 0.64 -2.14 -0.23 23 X Y 201407210021A  
-68.77 -20.29 136 -1.62 -1.36 2.98 1.51 -1.90 -0.25 24 X Y 201407232139A  
-27.44 -55.32 16 2.69 -1.67 -1.02 -0.55 0.16 1.56 23 X Y 201407241152A  
-72.42 -30.54 15 3.06 -0.32 -2.74 0.53 -1.92 0.31 23 X Y 201407260731A  
-27.42 -55.31 12 4.07 -1.28 -2.79 -1.75 0.76 3.00 23 X Y 201407311738A  
-25.50 -58.18 109 -2.18 1.13 1.05 -1.27 2.00 0.05 23 X Y 201408020111A  
-28.08 -55.39 32 0.20 -0.51 0.31 -0.49 1.49 0.76 24 X Y 201408021402A  
-72.27 -33.64 24 0.78 -0.03 -0.75 -0.10 -0.55 -0.09 24 X Y 201408080410A  
-66.97 -24.03 211 -3.57 -0.12 3.69 0.57 -2.08 1.36 23 X Y 201408110449A  
-70.40 -20.17 64 0.83 0.26 -1.09 0.22 -0.50 0.27 24 X Y 201408140002A  
-71.31 -20.01 20 2.06 -0.13 -1.92 0.08 -1.86 0.60 23 X Y 201408161010A  
-69.23 -20.13 125 0.15 0.36 -0.51 0.59 -2.70 0.40 24 X Y 201408230445A  
-71.74 -32.76 42 4.07 0.32 -4.39 -0.18 -3.40 -0.36 25 X Y 201408232232A  
-28.32 -55.38 12 -1.59 1.13 0.46 0.92 2.36 1.93 24 X Y 201408242021A  
-32.23 -53.27 23 0.07 0.72 -0.79 -0.24 -0.13 -0.22 24 X Y 201408310414A  
-70.71 -20.78 38 3.53 0.07 -3.60 0.93 -1.84 0.78 23 X Y 201409040926A  
-28.17 -55.22 12 0.60 -0.27 -0.33 -0.43 0.55 0.66 24 X Y 201409060603A  
-59.82 -62.67 12 -0.85 3.97 -3.13 -0.47 3.99 3.58 23 X Y 201409120319A  
-27.40 -56.02 119 3.52 -2.97 -0.56 -3.37 -2.32 1.88 24 X Y 201409221601A  
-73.76 -34.36 21 -3.28 0.19 3.09 0.39 0.69 0.22 23 X Y 201409240634A  
-66.72 -23.78 228 -2.27 -0.21 2.48 -0.19 -1.28 0.07 25 X Y 201409241116A  
-73.38 -35.63 20 0.61 0.00 -0.61 -0.04 -0.83 -0.15 24 X Y 201409280846A  
-68.47 -31.32 130 -2.01 0.30 1.71 -0.92 0.31 1.38 23 X Y 201410061203A  
-78.69 -44.58 21 -0.22 1.34 -1.12 -0.18 -0.45 -2.30 23 X Y 201410091734A  
-50.41 -60.69 23 -3.85 1.71 2.14 -1.89 2.46 1.59 23 X Y 201410100514A  
-68.21 -22.94 155 -2.21 0.61 1.60 1.48 -2.04 -2.39 23 X Y 201410121044A  
-26.16 -58.79 145 -0.80 -5.29 6.09 3.08 -3.60 2.36 23 X Y 201410181214A  
-27.86 -55.31 19 1.80 -0.56 -1.24 -1.32 3.35 2.46 23 X Y 201410221238A  
-72.39 -34.02 17 0.44 -0.02 -0.41 0.06 -0.84 0.00 24 X Y 201410232338A  
-72.50 -34.14 23 2.19 -0.58 -1.61 0.33 -2.15 -0.07 23 X Y 201410240716A  
-72.58 -33.89 30 3.35 -0.82 -2.53 0.32 -2.55 -0.73 23 X Y 201410251705A  
-74.11 -41.25 40 2.63 -2.74 0.11 -0.91 -0.25 1.11 23 X Y 201411041144A  
-68.80 -21.63 118 -1.11 0.58 0.53 0.47 -1.77 1.60 24 X Y 201411101138A  
-25.07 -59.00 50 0.61 0.22 -0.83 -0.08 0.20 0.05 24 X Y 201411102349A  
-68.97 -20.57 125 -2.16 0.06 2.10 0.33 -1.47 0.06 23 X Y 201411250854A  
-24.93 -58.10 53 1.12 0.06 -1.18 0.04 0.17 0.20 24 X Y 201411271110A  
-70.44 -22.65 62 -5.58 3.11 2.47 -1.14 -3.26 2.33 23 X Y 201412030938A  
-25.10 -56.91 21 2.24 -0.18 -2.05 -0.23 1.55 0.85 24 X Y 201412111353A  
-24.90 -56.87 28 0.72 -0.10 -0.62 -0.05 0.36 0.23 24 X Y 201412111401A  
-26.65 -56.92 79 -2.60 3.64 -1.04 -0.62 -2.43 1.85 23 X Y 201412131501A  
-68.99 -20.38 127 -1.30 -0.23 1.53 0.88 -1.21 -0.61 23 X Y 201412180624A  
-25.14 -56.64 14 1.40 0.17 -1.58 -0.11 0.83 0.75 24 X Y 201412182010A  
-26.81 -56.48 117 -1.53 4.08 -2.55 -2.38 1.96 2.13 23 X Y 201412280505A  
-26.60 -59.96 126 5.22 -5.11 -0.11 5.32 1.35 -0.88 23 X Y 201412282030A  
-24.43 -56.81 56 1.23 -0.49 -0.74 -0.85 3.23 0.79 24 X Y 201412291741A  
-68.69 -21.57 132 -1.39 0.70 0.69 0.12 -0.92 -0.85 24 X Y 201501101755A  
-63.20 -22.12 573 1.37 -0.11 -1.26 0.04 2.09 0.50 24 X Y 201501171841A  
-71.90 -33.13 25 3.11 0.10 -3.20 2.58 -5.47 -0.06 23 X Y 201501180359A  
-71.01 -23.22 34 4.44 2.44 -6.88 -0.25 -2.14 -2.30 23 X Y 201501201734A  
-26.28 -56.46 39 4.14 -0.18 -3.96 2.02 2.61 2.90 23 X Y 201501232116A  
-73.83 -36.84 29 2.53 -0.26 -2.26 -0.49 -2.70 -0.37 23 X Y 201501270527A  
-67.14 -32.77 177 0.59 -0.02 -0.57 -2.40 -2.07 1.07 25 X Y 201502021049A  
-71.11 -22.16 36 0.42 0.69 -1.11 0.28 -0.41 -0.66 24 X Y 201502021522A  
-66.84 -23.50 220 -0.88 -0.07 0.95 0.46 -1.90 -0.37 24 X Y 201502111301A  
-66.80 -23.14 223 -0.80 -0.01 0.81 -0.09 -1.07 -0.07 26 X Y 201502111857A  
-29.45 -55.48 20 -0.43 -1.79 2.22 0.67 0.86 1.34 23 X Y 201502141912A  
-28.14 -55.50 14 1.00 -0.62 -0.39 -0.91 2.71 1.11 25 X Y 201502162200A  
-27.92 -55.43 24 1.37 -0.56 -0.81 0.04 0.90 0.87 24 X Y 201502170306A  
-70.86 -32.33 102 0.04 -0.97 0.93 0.15 0.33 1.09 24 X Y 201502171435A  
-25.49 -56.75 24 1.69 -2.02 0.33 0.38 1.13 -2.59 23 X Y 201502182247A  
-67.10 -24.08 219 -2.98 -0.38 3.36 -1.69 -2.24 -2.12 23 X Y 201502221826A  
-66.86 -22.71 215 -0.87 0.07 0.80 0.02 -0.72 -0.45 24 X Y 201502240513A  
-26.64 -56.45 101 0.98 1.93 -2.91 -7.70 4.22 1.47 23 X Y 201502281927A  
-71.75 -27.42 36 2.89 0.64 -3.53 0.40 -2.51 0.06 23 X Y 201503011548A  
-71.34 -28.05 35 0.75 0.29 -1.04 0.15 -0.54 -0.14 24 X Y 201503021653A  
-69.33 -20.16 116 -5.34 1.13 4.20 0.39 -4.84 -1.86 23 X Y 201503031245A  
-72.74 -34.17 25 0.22 0.66 -0.88 -0.21 -3.59 -2.07 23 X Y 201503050208A  
-71.52 -29.31 61 0.31 0.33 -0.63 -0.28 0.50 -0.36 24 X Y 201503052130A  
-78.91 -44.52 14 -0.17 2.06 -1.89 -0.30 -1.36 -3.74 23 X Y 201503061039A  
-73.79 -34.48 15 -2.59 0.64 1.95 -0.50 0.67 0.92 23 X Y 201503090753A  
-73.51 -44.79 25 -0.23 0.88 -0.65 0.86 1.62 2.93 23 X Y 201503131916A  
-66.85 -57.74 19 0.26 3.74 -4.00 1.61 3.04 0.37 23 X Y 201503140018A  
-73.90 -36.16 12 1.02 0.06 -1.08 -0.34 -1.57 -0.23 25 X Y 201503181827A  
-74.06 -36.09 15 1.07 0.05 -1.12 -0.23 -1.12 -0.13 24 X Y 201503181907A  
-28.07 -55.32 18 2.83 -1.37 -1.46 -0.83 5.01 2.44 23 X Y 201503190349A  
-74.01 -36.17 14 3.18 0.16 -3.35 -0.41 -2.65 -0.21 23 X Y 201503190834A  
-70.94 -20.58 21 5.27 0.20 -5.47 0.25 -3.46 1.04 23 X Y 201503242246A  
-68.76 -22.07 123 -2.95 -0.58 3.53 -0.20 -2.02 -0.99 24 X Y 201503281636A  
-66.26 -22.78 257 1.97 -0.46 -1.51 0.17 -8.38 4.42 23 X Y 201503302100A  
-71.97 -29.48 29 0.56 0.21 -0.77 -0.53 -0.91 0.54 24 X Y 201504010817A  
-68.51 -21.14 139 -0.61 0.26 0.35 0.43 -0.08 -0.62 24 X Y 201504132216A  
-36.08 -61.30 13 -3.38 1.80 1.58 0.71 0.66 2.14 23 X Y 201504140738A  
-26.44 -60.74 15 1.00 1.52 -2.52 0.22 2.24 -2.81 24 X Y 201504301019A  
-26.81 -56.67 113 0.58 0.17 -0.74 -1.12 -0.94 -0.35 24 X Y 201505041804A  
-71.69 -28.78 25 3.49 0.05 -3.54 -0.62 -8.16 -0.94 23 X Y 201505141508A  
-20.19 -60.67 12 -1.29 1.12 0.18 0.15 -0.20 0.52 24 X Y 201505171943A  
-71.08 -20.13 21 0.85 0.08 -0.93 0.04 -0.68 0.14 24 X Y 201505221939A  
-71.15 -20.20 31 3.21 -0.18 -3.03 0.53 -2.28 0.23 23 X Y 201505231309A  
-25.82 -59.98 46 4.60 -0.42 -4.18 -0.91 1.04 -2.53 24 X Y 201505242106A  
-28.82 -60.19 17 -0.84 1.27 -0.43 -1.14 -0.86 -2.23 23 X Y 201505251300A  
-68.63 -21.94 143 -0.41 -1.11 1.52 -0.54 -2.64 -1.24 24 X Y 201505261032A  
-24.55 -58.95 29 1.78 0.36 -2.14 -0.11 0.94 -0.29 24 X Y 201505262327A  
-24.51 -58.97 31 3.18 0.70 -3.88 -0.96 0.69 0.23 24 X Y 201505262341A  
-24.62 -58.99 30 3.05 0.04 -3.09 -0.04 1.29 -0.64 24 X Y 201505262351A  
-24.78 -59.08 35 3.82 0.07 -3.89 -0.33 -0.31 -0.54 23 X Y 201505270324A  
-24.66 -58.89 32 2.33 1.29 -3.62 -0.02 0.44 -0.25 23 X Y 201505270509A  
-71.10 -28.23 58 0.74 0.11 -0.85 0.15 -0.46 -0.18 24 X Y 201505290428A  
-72.60 -33.84 22 4.38 0.03 -4.41 -0.29 -3.99 -1.47 23 X Y 201506021032A  
-68.47 -22.48 147 -1.47 0.95 0.53 0.33 -0.04 -0.91 25 X Y 201506101352A  
-74.10 -36.35 12 2.94 0.06 -3.00 -1.19 -4.10 -0.71 25 X Y 201506200210A  
-74.10 -36.47 12 0.95 0.02 -0.97 -0.17 -1.29 -0.17 24 X Y 201506200522A  
-25.82 -60.00 44 3.38 0.16 -3.55 -0.95 1.16 -1.57 24 X Y 201506200532A  
-68.34 -21.70 149 -4.67 0.83 3.84 1.19 -1.28 -2.13 23 X Y 201506221142A  
-35.19 -60.69 12 -1.24 -0.05 1.30 1.25 0.83 1.24 24 X Y 201507011824A  
-70.37 -33.48 124 -0.94 0.08 0.86 -0.62 -2.23 -0.26 23 X Y 201507071335A  
-23.11 -59.11 20 -2.42 -0.94 3.35 -0.19 0.80 0.75 23 X Y 201507080708A  
-29.30 -59.98 14 -4.15 0.40 3.75 -2.42 1.66 1.23 23 X Y 201507080715A  
-24.72 -59.04 33 2.99 0.55 -3.54 -1.32 0.21 -0.44 23 X Y 201507082225A  
-26.67 -55.33 16 5.32 -2.62 -2.71 -1.77 2.88 2.89 23 X Y 201507101603A  
-28.43 -55.39 22 3.25 -3.39 0.14 -1.01 3.63 2.73 23 X Y 201507121035A  
-27.91 -55.91 133 0.64 -0.49 -0.15 -0.49 0.11 0.46 24 X Y 201507132016A  
-71.82 -29.40 32 -0.72 0.15 0.57 0.32 -0.05 0.26 24 X Y 201507161048A  
-73.42 -35.57 22 0.68 0.04 -0.72 -0.04 -0.95 -0.19 24 X Y 201507171111A  
-74.45 -35.81 17 -5.35 0.72 4.62 0.52 0.15 1.67 23 X Y 201507200947A  
-27.23 -56.18 137 2.01 -2.40 0.38 -0.97 -0.88 2.94 23 X Y 201507221518A  
-70.65 -20.28 48 0.72 0.09 -0.81 0.12 -0.50 0.42 24 X Y 201507242314A  
-68.80 -21.18 125 -1.52 -0.09 1.60 -0.41 -1.55 0.16 23 X Y 201507301032A  
-68.44 -29.93 23 6.04 -1.03 -5.01 -2.14 3.06 1.72 23 X Y 201508011130A  
-71.79 -31.84 38 1.78 0.07 -1.84 0.12 -1.31 0.39 24 X Y 201508120014A  
-30.41 -56.00 15 -1.65 0.43 1.22 -1.18 1.39 0.20 23 X Y 201508200542A  
-71.53 -29.59 46 3.94 -0.10 -3.85 -0.72 -0.88 -1.94 24 X Y 201508232310A  
-71.58 -29.75 44 2.46 -0.27 -2.19 -0.55 -0.83 -0.95 23 X Y 201508240513A  
-25.17 -57.57 49 4.50 0.13 -4.63 -0.01 1.46 1.19 24 X Y 201508261351A  
-75.56 -38.04 19 -3.28 0.40 2.88 0.10 -0.14 0.24 23 X Y 201509051815A  
-49.15 -60.43 27 0.13 0.20 -0.33 1.98 -0.28 2.98 23 X Y 201509060515A  
-25.79 -60.00 36 2.66 1.12 -3.78 -1.41 0.41 -1.34 23 X Y 201509090235A  
-72.09 -31.13 17 1.95 -0.04 -1.91 0.74 -2.48 0.09 28 X Y 201509162254A  
-71.95 -31.79 36 5.13 -0.64 -4.49 0.26 -2.85 0.64 26 X Y 201509162318A  
-71.94 -31.65 37 1.61 -0.24 -1.37 0.19 -0.87 0.15 26 X Y 201509170410A  
-72.41 -32.27 22 6.44 -1.05 -5.39 0.71 -4.76 0.67 24 X Y 201509171214A  
-72.28 -32.23 17 0.70 -0.03 -0.67 -0.02 -0.70 0.01 25 X Y 201509171332A  
-72.02 -30.08 31 0.84 0.01 -0.85 0.22 -0.48 0.17 24 X Y 201509172040A  
-72.27 -30.37 21 5.03 -0.80 -4.23 -0.31 -3.24 -0.01 23 X Y 201509172208A  
-71.96 -31.12 39 -3.50 1.81 1.68 -0.41 -4.12 1.32 23 X Y 201509172239A  
-71.76 -31.44 41 4.06 -0.10 -3.96 0.51 -1.14 0.17 23 X Y 201509180315A  
-72.28 -31.85 28 4.71 -0.22 -4.49 0.51 -4.85 0.36 23 X Y 201509180332A  
-71.99 -31.59 35 5.24 -0.92 -4.32 -0.04 -0.64 -0.31 23 X Y 201509180429A  
-72.60 -32.32 12 1.26 -0.08 -1.18 0.15 -1.45 0.19 24 X Y 201509180818A  
-72.30 -32.31 13 1.26 0.04 -1.30 0.02 -1.21 0.18 25 X Y 201509180910A  
-71.90 -31.48 30 2.25 -0.17 -2.08 -0.69 -2.10 -0.14 23 X Y 201509181351A  
-72.29 -30.45 18 4.39 -0.16 -4.23 0.20 -3.98 0.25 23 X Y 201509182212A  
-72.95 -30.33 12 -3.23 0.38 2.85 0.67 -0.72 0.55 23 X Y 201509182235A  
-71.87 -31.60 34 2.94 -0.32 -2.62 0.73 -1.51 0.63 23 X Y 201509190249A  
-72.96 -30.48 19 -2.93 0.48 2.46 0.72 0.68 0.14 23 X Y 201509190433A  
-72.30 -29.73 12 0.92 -0.05 -0.88 -0.05 -0.54 0.09 25 X Y 201509190506A  
-72.30 -30.26 14 1.11 0.02 -1.14 0.01 -0.99 -0.00 24 X Y 201509190831A  
-71.86 -31.20 37 4.95 0.15 -5.11 0.54 -3.12 0.76 24 X Y 201509190907A  
-72.05 -32.34 20 1.87 0.06 -1.94 0.13 -1.86 -0.07 25 X Y 201509191252A  
-72.18 -30.71 23 2.40 0.04 -2.44 0.53 -1.95 0.31 24 X Y 201509191308A  
-72.14 -31.41 38 3.22 -0.09 -3.12 0.18 -1.74 -0.14 23 X Y 201509191813A  
-71.47 -31.02 50 5.42 0.16 -5.58 -0.39 -2.73 1.14 23 X Y 201509200302A  
-72.18 -31.79 23 6.32 -0.13 -6.19 -0.04 -4.52 0.67 23 X Y 201509200607A  
-72.30 -30.36 17 3.66 -0.32 -3.35 -1.55 -3.58 -0.75 23 X Y 201509200902A  
-71.92 -30.46 34 2.72 -0.02 -2.70 0.11 -1.68 0.28 23 X Y 201509201718A  
-71.84 -31.66 38 1.41 0.07 -1.48 0.25 -1.01 0.11 25 X Y 201509210539A  
-72.85 -31.17 12 -2.24 0.13 2.11 -0.02 -0.43 -0.08 23 X Y 201509211249A  
-71.95 -31.17 31 1.41 0.09 -1.50 0.19 -1.34 0.22 24 X Y 201509211537A  
-71.81 -31.77 39 0.78 0.02 -0.80 0.02 -0.54 0.00 26 X Y 201509211739A  
-72.02 -31.14 39 5.86 -0.86 -5.00 0.30 -2.66 0.84 24 X Y 201509211836A  
-71.87 -31.94 42 4.34 -0.46 -3.88 0.87 -2.32 1.11 24 X Y 201509211956A  
-71.39 -31.58 64 1.15 0.14 -1.29 0.28 -0.83 0.20 25 X Y 201509220712A  
-72.03 -31.67 29 4.91 0.06 -4.97 -0.28 -3.73 0.10 23 X Y 201509231132A  
-69.32 -20.79 83 -1.24 1.60 -0.36 0.43 -0.64 -0.73 23 X Y 201509250321A  
-72.27 -30.58 28 3.16 0.33 -3.49 -0.24 -2.15 0.49 23 X Y 201509252030A  
-71.62 -30.88 52 2.78 0.26 -3.04 0.24 -1.30 0.34 25 X Y 201509260251A  
-29.92 -55.86 21 -1.69 0.88 0.81 0.53 -0.32 1.54 23 X Y 201509261950A  
-71.73 -31.79 38 5.46 -0.76 -4.70 0.31 -2.96 1.51 23 X Y 201509272104A  
-72.40 -31.77 23 2.66 -0.19 -2.47 -0.15 -1.60 0.10 23 X Y 201509280605A  
-66.89 -23.84 221 -0.09 -0.03 0.12 0.11 -1.16 -0.05 25 X Y 201509281528A  
-72.04 -30.77 36 2.79 -0.24 -2.56 0.12 -1.86 0.21 23 X Y 201509300200A  
-27.47 -56.22 113 2.35 1.02 -3.38 -1.99 2.48 -0.07 24 X Y 201509301606A  